[0,0,0,0] [1,0,0,0] [4,0,0,0] [28,21,0,-1] [27,22,270,1] [24,18,0,-1] [25,17,0,-1] [27,4,0,-1] [3,0,0,1] [24,19,0,0] [21,0,0,-1] [22,0,270,1] [28,4,270,-1] [2,0,0,-1] [5,28,0,-2] [0,0,0,-2] 
[0,0,0,-2] [1,23,0,0] [2,25,0,1] [28,27,0,1] [3,17,270,1] [4,21,270,1] [2,1,0,1] [0,26,270,-1] [1,27,270,-1] [2,28,0,1] [28,1,270,1] [23,1,0,-1] [27,20,0,1] [23,1,270,-1] [3,0,270,1] [0,1,0,1] 
[0,7,0,0] [0,24,270,-1] [14,2,0,1] [6,15,0,0] [6,24,90,0] [11,5,270,-1] [12,10,270,-1] [17,9,270,1] [17,8,0,0] [6,17,270,1] [14,4,0,-2] [13,21,0,1] [27,10,270,-1] [4,0,0,1] [24,0,0,-2] [2,20,270,1] 
[0,0,0,-2] [17,17,0,0] [8,12,0,-2] [5,5,270,-1] [20,6,90,-2] [3,6,90,1] [20,6,270,1] [5,11,270,1] [8,23,270,1] [7,9,0,0] [8,5,0,1] [5,5,270,1] [8,5,0,-1] [6,26,0,-1] [28,5,0,-2] [28,4,270,1] 
[0,7,0,0] [17,18,0,-2] [18,6,270,-1] [5,5,270,-1] [3,14,0,-1] [23,8,90,-1] [6,14,270,-1] [16,23,0,1] [25,12,0,-2] [23,13,0,0] [4,7,0,0] [8,6,0,-2] [8,7,270,-1] [6,14,270,-1] [4,18,0,1] [5,0,0,-2] 
[1,1,0,-2] [6,27,0,-2] [9,8,0,1] [7,10,0,-2] [4,5,0,-1] [9,3,180,1] [6,24,0,1] [14,8,0,0] [18,18,270,-1] [19,19,0,0] [14,21,270,1] [5,7,0,0] [21,5,270,-1] [9,19,0,0] [4,19,0,-1] [28,6,0,-1] 
[1,15,0,-2] [0,25,0,-1] [7,25,0,-1] [8,11,270,-1] [13,26,0,1] [11,26,0,-1] [14,26,270,1] [16,13,0,1] [16,12,0,0] [16,11,270,1] [20,19,270,-1] [19,10,180,1] [16,24,0,-2] [22,13,270,-1] [28,9,0,-2] [27,3,270,-1] 
[2,27,0,-1] [1,14,0,-2] [17,8,0,-2] [5,13,270,1] [4,7,0,0] [21,15,270,1] [11,27,270,1] [12,12,270,-1] [15,18,0,1] [19,19,270,1] [7,20,0,-2] [12,7,0,-1] [17,22,270,-1] [26,10,0,0] [2,17,0,1] [25,28,0,0] 
[0,18,0,0] [0,18,0,1] [1,26,270,1] [15,4,0,0] [8,22,0,0] [16,22,270,-1] [17,22,270,1] [17,18,0,1] [13,9,270,-1] [17,14,0,-2] [15,22,270,1] [23,6,270,1] [7,25,270,-1] [0,4,0,-1] [28,20,0,-1] [23,19,0,-1] 
[0,16,0,-2] [0,15,0,-1] [1,14,0,-2] [1,7,0,-2] [23,12,0,-1] [8,16,270,-1] [21,16,270,-1] [13,9,270,-1] [13,14,270,1] [17,16,0,-2] [17,20,0,-1] [17,18,0,1] [16,1,0,0] [27,16,270,1] [27,25,0,0] [28,23,0,0] 
[0,23,0,0] [1,13,0,0] [28,5,0,1] [6,25,0,-2] [8,19,0,-2] [6,19,0,-1] [14,25,270,1] [8,28,0,1] [17,18,0,0] [17,19,270,1] [20,19,0,-2] [16,15,0,1] [2,25,0,-1] [28,17,0,-2] [27,20,0,-2] [26,20,0,1] 
[1,2,270,-1] [4,27,0,-2] [25,2,270,1] [17,2,270,1] [26,11,0,0] [13,26,0,0] [4,12,0,1] [13,4,0,1] [14,4,0,-2] [12,8,0,-1] [14,8,0,0] [17,11,270,1] [28,13,0,1] [24,23,0,-2] [21,0,0,1] [8,0,270,-1] 
[0,0,0,0] [2,0,0,-2] [28,8,0,1] [13,1,270,-1] [10,23,0,-2] [10,25,270,-1] [9,19,270,1] [18,24,0,0] [15,28,0,-2] [10,28,0,1] [17,11,0,-1] [22,19,0,0] [25,24,270,-1] [22,25,0,-1] [28,16,0,-2] [20,0,0,-1] 
[1,27,0,-2] [2,0,0,0] [28,27,0,1] [6,28,0,-2] [8,18,270,-1] [4,11,0,-1] [9,22,0,0] [9,23,0,0] [8,16,0,1] [8,21,0,1] [6,18,0,-1] [28,12,0,-2] [23,22,0,-1] [24,27,0,-2] [27,18,270,1] [27,10,0,-1] 
[15,13,0,-1] [1,26,0,-2] [2,27,0,-1] [6,28,0,-2] [8,28,0,-2] [11,9,270,1] [22,12,270,-1] [13,27,270,1] [10,26,270,-1] [12,10,270,1] [24,17,0,-2] [28,16,0,-2] [23,22,0,1] [27,24,0,0] [26,28,0,-2] [3,23,0,-2] 
[18,17,0,-1] [17,17,270,1] [0,6,0,0] [0,7,0,0] [0,25,0,0] [18,12,0,0] [17,19,0,-1] [14,12,0,0] [17,16,270,-1] [2,26,0,0] [26,23,0,1] [20,28,0,-1] [23,28,0,-2] [27,20,0,1] [3,17,0,0] [2,28,0,1] 
